20
296
463 560
225 123
213 556
495 945
900 61
302 838
576 667
298 540
331 905
177 938
301 638
310 896
483 764
644 27
566 866
239 587
606 674
898 470
679 133
493 368
717 943
880 452
682 806
409 843
972 765
665 904
219 790
909 96
582 606
625 872
334 654
95 242
728 246
650 937
135 582
57 262
343 55
338 324
392 867
311 973
688 810
996 55
70 955
27 608
642 192
245 152
180 503
138 879
493 638
966 736
451 23
818 52
925 506
775 770
311 736
601 742
450 586
684 919
219 67
118 203
572 237
223 683
194 582
517 64
1 863
484 981
565 234
537 870
687 22
849 297
367 772
151 472
712 575
558 324
650 696
491 547
671 60
53 161
514 816
738 218
746 616
78 111
257 153
597 26
243 628
241 681
629 289
42 206
145 568
9 79
215 654
908 797
94 489
334 880
702 798
814 687
673 198
937 124
752 643
5 546
944 574
230 501
283 624
342 73
549 187
392 723
284 186
296 307
820 433
180 760
145 290
243 790
178 82
55 368
494 768
605 695
926 166
251 815
883 896
377 323
955 897
376 345
7 735
736 657
935 686
207 907
965 133
11 15
936 437
843 405
274 303
600 698
426 3
242 569
478 452
7 754
91 363
520 129
622 357
505 339
592 456
132 1
887 716
196 451
254 684
759 11
362 701
197 452
881 16
211 839
621 359
138 772
476 899
583 367
884 978
71 703
720 134
673 992
786 450
896 764
543 44
686 861
262 491
850 268
355 427
830 245
887 737
911 812
822 52
133 14
889 986
642 819
20 137
548 162
719 928
102 639
537 657
606 173
708 190
21 89
150 412
256 793
307 792
298 541
165 840
513 326
48 892
876 651
377 908
113 360
745 639
695 792
128 418
232 49
113 543
289 200
179 303
317 923
433 40
21 274
76 454
373 681
148 102
373 645
794 302
810 844
741 382
914 62
116 443
457 195
319 426
498 657
223 812
857 797
1 299
319 526
486 761
903 681
474 321
91 282
638 195
228 528
93 721
612 997
261 603
877 394
585 724
496 45
136 471
878 55
519 723
530 227
462 451
243 295
373 425
659 772
518 881
47 965
927 871
515 771
754 86
663 390
198 872
742 417
12 68
563 394
221 661
222 80
377 607
998 966
978 843
536 892
838 84
722 233
991 384
302 687
27 175
657 561
782 198
23 964
34 606
749 845
668 922
916 161
540 460
406 633
799 155
823 485
836 199
966 566
379 721
766 303
684 874
866 4
184 222
239 660
39 672
866 538
46 676
857 257
135 434
272 802
788 129
790 719
283 543
450 206
528 759
621 376
418 770
224 510
706 130
776 312
170 128
204 516
916 662
18 301
279
373 167
799 205
467 465
835 50
294 675
514 588
818 932
313 783
157 856
416 888
782 936
381 798
488 270
923 77
302 348
923 456
743 655
857 912
273 274
992 396
806 452
679 702
240 985
672 653
134 985
81 843
678 888
742 386
587 876
689 419
49 268
471 586
536 986
465 50
183 513
928 906
130 735
808 666
336 263
312 620
195 50
56 297
458 158
345 805
966 536
583 609
733 79
393 81
899 401
992 519
292 10
185 197
327 834
150 557
3 672
94 742
445 635
247 762
354 898
196 247
801 843
925 801
912 703
424 397
69 258
309 355
661 626
383 472
509 235
363 957
884 900
411 928
564 377
445 58
901 994
250 406
317 732
831 387
483 880
762 70
93 974
369 382
156 447
869 325
911 474
518 433
29 663
710 484
970 922
592 369
882 660
630 288
138 674
347 476
152 77
708 273
919 390
253 54
985 507
443 497
786 224
107 579
398 433
297 880
446 186
792 366
287 890
447 677
599 610
491 959
581 637
368 395
411 693
176 886
200 281
926 433
544 29
819 150
741 541
822 735
919 436
533 317
554 684
260 595
340 33
388 607
177 562
784 518
482 153
692 31
953 522
582 581
268 686
298 736
851 520
133 693
274 793
517 168
866 623
743 386
386 393
476 27
707 42
124 791
278 298
604 945
875 813
255 59
370 431
271 430
295 994
94 704
68 101
574 979
166 338
705 753
578 722
701 507
542 149
737 728
111 984
574 821
47 530
787 210
5 777
766 492
594 102
813 156
548 869
84 309
816 868
777 34
525 453
645 994
282 830
19 211
147 711
942 788
995 564
578 845
830 962
486 252
75 784
734 22
120 349
781 402
260 664
983 995
330 670
255 637
422 814
173 523
742 987
141 679
7 84
734 384
863 774
550 274
58 747
435 185
727 882
200 989
268 683
764 729
414 586
387 850
666 840
420 228
510 707
604 911
391 797
597 431
217 455
320 301
34 348
622 992
44 459
642 643
473 491
801 709
569 294
506 281
573 969
377 410
633 97
89 334
911 336
867 483
646 135
951 353
304 681
115 312
260 363
77 934
38 44
309 249
564 193
35 375
961 235
181 601
469 127
643 741
566 947
881 184
83 488
689 640
291 866
684 895
681 658
394 419
600 342
745 142
918 234
78 672
568 443
443 133
290 702
178 285
139 447
881 225
126 760
368 521
722 960
397 248
232 983
507 333
609 27
530 273
308 923
144 371
149 35
354 541
937 329
408 171
610 337
847 717
495 289
280 429
71 776
82
50 211
386 818
866 34
862 724
470 311
884 926
764 855
16 268
512 259
465 635
673 372
467 354
55 259
29 453
937 487
415 280
685 98
501 494
398 851
577 884
156 71
341 529
242 487
607 89
514 474
96 425
723 941
195 896
370 297
188 965
103 430
391 782
512 367
790 970
261 486
590 199
761 386
714 329
342 30
423 754
178 831
290 392
144 602
774 94
214 397
463 159
697 356
601 22
912 339
563 81
608 948
892 864
538 735
63 925
365 52
993 979
530 524
41 464
614 72
468 325
422 295
373 22
26 9
255 307
244 751
877 380
521 619
491 741
580 364
170 477
33 530
120 46
438 623
199 632
969 876
254 67
852 180
892 832
321 231
939 644
500 838
786 838
13
197 362
335 414
955 424
261 966
193 921
801 46
776 190
559 814
266 764
178 418
852 288
594 65
686 35
278
930 682
481 182
985 696
665 21
449 950
823 558
125 130
227 651
722 122
883 580
376 64
719 632
382 826
496 597
960 338
203 382
91 510
447 715
485 259
237 432
975 879
745 858
306 635
663 402
892 807
757 136
680 659
527 620
495 268
161 262
5 492
252 193
714 358
827 914
372 515
833 221
523 963
89 622
426 500
241 342
19 517
215 261
594 966
386 279
822 742
717 441
498 130
305 177
826 769
999 996
898 4
472 9
349 835
532 83
386 448
453 343
761 325
164 40
744 883
985 779
100 669
207 206
184 125
510 410
424 151
879 867
786 228
988 275
987 949
574 101
788 814
194 679
322 116
91 675
984 266
1 982
209 380
202 497
862 1000
468 275
202 969
265 819
199 114
570 447
627 536
518 31
787 41
871 99
636 947
336 233
97 48
781 442
835 755
309 842
811 817
65 253
99 232
868 775
421 143
217 128
109 776
902 407
244 125
62 558
946 305
81 368
176 811
687 227
203 300
707 938
613 632
331 667
795 507
935 395
735 929
738 319
560 746
174 415
258 272
111 781
30 86
862 719
645 407
85 816
535 853
104 59
820 23
252 562
47 912
842 737
441 605
36 181
65 26
558 40
669 815
179 898
658 614
677 973
270 314
201 384
782 3
830 852
92 37
305 157
827 613
116 473
30 668
402 976
68 479
121 582
462 911
441 907
837 526
358 624
216 227
917 480
992 116
939 397
52 59
914 775
7 430
986 965
217 181
82 783
699 113
794 798
499 841
563 30
971 984
479 991
469 918
403 245
343 929
673 714
250 296
327 969
548 19
648 805
539 709
857 847
189 674
888 795
751 55
546 372
52 19
347 766
634 965
384 208
805 866
130 322
919 260
334 526
387 810
949 247
150 519
945 811
901 96
656 631
110 326
891 875
329 250
602 574
530 646
670 967
774 517
225 16
529 976
408 875
863 956
469 867
931 80
237 197
58 941
839 452
546 378
594 220
390 804
88 787
643 398
751 634
718 200
496 358
486 181
489 396
582 935
877 480
62 612
947 508
540 504
330 59
242 811
94 694
449 248
306 502
25 971
355 704
754 458
666 989
242 834
62 647
763 239
178 1
75 294
286 889
683 958
986 466
825 64
875 47
464 808
621 509
585 52
492 313
353 597
377 747
24 58
641 483
211 60
276 125
623 210
267 987
381 746
395 297
146 558
503 410
914 871
74 860
947 188
365 854
630 586
814 689
312 566
628 806
957 179
148 484
522 696
54 462
105 484
14 795
160
591 929
769 668
228 847
897 348
681 39
526 359
534 940
781 128
46 586
833 955
85 491
872 216
693 84
508 191
516 179
265 850
76 483
350 702
773 696
886 755
3 994
163 392
587 697
714 536
550 902
115 33
839 760
533 774
510 50
719 302
178 660
974 688
439 746
651 347
137 576
774 110
148 296
719 81
670 679
194 668
297 60
93 63
230 407
32 416
459 322
177 277
517 483
877 763
875 569
815 144
367 104
613 126
315 169
756 642
761 383
699 849
502 608
452 504
962 198
647 607
338 820
35 510
70 853
461 665
932 850
71 153
424 190
112 194
939 78
250 317
646 63
68 441
288 537
454 392
241 659
156 835
417 314
255 586
36 159
817 151
937 930
1000 152
265 821
476 769
604 450
297 621
827 889
928 239
337 692
837 175
12 318
964 416
588 871
899 449
101 24
334 882
531 491
747 351
143 737
843 682
869 552
535 422
858 256
480 699
765 592
442 516
103 184
830 420
518 277
671 58
888 773
26 218
867 125
161 208
9 186
744 92
543 803
236 753
9 463
21 18
439 801
401 817
231 261
197 691
316 191
411 504
975 75
238 446
637 949
945 37
326 521
413 779
904 716
303 937
587 322
558 61
280 559
310 177
762 65
472 59
563 448
65 834
370 263
387 492
74 98
384 821
664 165
418 97
381 807
216 76
66 565
913 851
308 913
879 49
389 386
982 862
41 818
38 201
616 339
127 637
298
146 241
506 3
979 712
151 514
686 623
572 694
745 996
37 946
503 569
555 140
721 432
900 592
962 60
534 220
71 997
122 369
864 464
560 418
194 702
966 815
886 500
842 233
208 936
745 291
405 533
672 840
406 520
855 777
371 455
58 611
958 995
181 58
415 1000
594 386
508 216
119 473
5 174
771 905
55 907
133 384
799 50
981 127
879 40
361 865
456 472
779 42
119 898
958 124
160 302
150 199
269 996
597 270
946 392
848 957
746 831
734 313
553 369
518 471
404 101
778 927
826 206
140 341
550 483
608 761
717 346
43 930
702 153
733 448
128 180
858 650
524 769
5 438
220 913
111 926
326 317
733 94
426 604
517 825
288 989
729 855
130 282
723 688
171 420
289 292
694 210
881 133
910 504
442 790
919 298
403 32
682 30
14 973
873 774
978 837
362 796
664 994
579 454
597 261
397 673
537 847
319 275
87 594
464 537
804 523
729 476
606 431
50 167
997 120
235 956
313 778
382 877
76 43
960 547
667 178
293 914
885 226
881 808
833 685
585 493
463 190
304 857
235 501
218 74
952 644
112 78
259 196
44 535
202 497
234 362
76 940
777 399
732 768
282 426
84 865
359 924
404 65
113 410
5 173
136 927
659 308
623 171
984 554
587 823
13 900
87 793
357 18
601 479
966 566
783 596
184 252
48 804
54 961
546 342
107 194
876 256
545 726
637 998
521 392
660 361
112 151
783 854
893 792
501 871
238 693
75 338
20 973
301 516
992 313
978 900
751 121
775 438
419 403
533 974
124 370
443 988
99 468
649 391
326 314
701 310
757 108
927 868
631 677
982 16
280 411
948 425
614 134
958 553
799 63
997 37
442 306
338 857
61 485
817 436
734 461
73 733
553 460
948 894
354 519
283 867
406 589
179 363
509 719
543 864
875 514
514 792
56 9
468 725
276 531
231 9
452 91
985 341
979 667
933 886
534 147
483 3
52 22
666 730
364 30
25 905
295 975
317 8
705 278
932 1
350 475
390 992
369 543
113 833
793 977
624 924
318 804
566 899
941 40
488 94
35 15
580 910
300 677
576 697
490 449
82 993
42 109
339 625
170 559
180 79
73 697
652 613
351 798
16 295
66 775
322 840
610 142
69 695
505 568
403 146
936 701
259 821
267 96
989 657
946 695
641 848
669 858
931 747
915 444
498 509
390 924
292 834
380 577
629 559
284 515
941 917
760 906
375 1000
522 160
368 60
839 937
678 845
816 767
380 983
282 458
644 263
531 725
174 964
650 85
621 161
840 52
927 429
588 945
103 8
204 910
383 965
415 850
920 147
909 187
270 731
853 341
856 875
265 630
505 969
322 62
81
498 509
319 284
467 855
872 568
236 50
7 546
418 89
390 104
925 837
684 852
464 125
139 429
532 219
178 499
395 342
768 572
681 957
894 337
986 32
299 543
923 212
905 114
405 15
462 199
53 131
112 706
244 725
989 752
915 989
551 719
364 56
623 923
982 401
481 158
672 749
124 950
965 380
977 187
562 818
395 209
414 863
721 485
755 906
550 331
443 285
605 762
623 455
322 607
611 480
746 416
711 959
911 48
430 618
459 283
374 394
929 994
878 623
570 853
498 706
585 332
603 395
724 77
147 418
652 205
931 600
641 304
22 317
913 882
17 495
85 530
366 557
956 134
586 187
909 298
418 194
175 643
427 146
777 6
218 242
355 199
32 488
71
973 86
385 572
650 49
564 368
207 998
454 800
790 922
347 953
38 230
514 393
469 990
873 139
158 347
13 117
434 987
319 86
37 487
866 376
495 378
318 90
546 90
982 724
730 51
882 963
623 338
391 987
279 263
318 923
257 94
282 89
862 218
879 734
183 889
365 99
955 858
460 954
458 278
913 282
881 283
241 852
253 667
648 62
631 214
861 423
911 424
21 331
639 826
366 754
537 962
491 507
267 134
205 952
934 641
404 83
907 957
855 266
11 735
101 303
519 510
526 513
887 494
561 670
30 479
810 342
812 71
821 293
517 187
85 922
294 60
536 846
875 529
48
919 149
57 854
504 181
854 347
921 602
4 65
698 506
36 352
183 886
236 106
443 373
540 733
761 790
322 928
364 285
854 969
546 979
39 426
410 729
441 922
266 881
687 520
895 766
972 252
952 73
688 52
379 185
911 620
701 184
714 268
136 571
781 663
569 252
40 616
821 106
183 788
326 980
409 966
382 828
453 600
619 534
377 496
940 463
949 934
899 166
968 797
27 887
259 364
246
447 303
819 532
763 274
273 412
471 775
428 44
361 122
333 412
794 857
124 797
733 543
113 240
938 444
758 690
797 250
29 123
296 506
985 542
506 188
802 239
377 194
206 951
816 391
944 963
641 496
805 609
41 437
643 325
676 46
710 521
506 292
883 120
629 478
580 808
64 1000
633 497
789 523
965 680
937 929
650 793
587 638
477 655
998 53
200 926
302 217
6 997
459 446
331 843
193 255
48 800
964 882
469 72
431 500
776 563
744 330
235 264
240 565
525 742
825 406
295 700
946 296
348 348
169 760
811 932
682 642
295 374
52 471
645 201
710 245
523 648
262 681
820 519
39 616
779 934
917 918
147 284
270 615
980 705
445 643
681 258
648 970
677 862
748 481
451 601
687 997
110 438
525 906
890 841
57 734
567 837
619 899
743 477
884 314
694 55
943 961
39 155
48 749
915 784
813 108
958 847
903 226
862 883
586 13
123 441
886 545
887 357
144 997
372 283
675 72
772 860
784 889
370 181
436 855
926 362
632 134
195 794
374 366
936 454
410 831
452 920
919 247
985 917
906 632
22 624
793 394
886 765
170 779
984 137
416 520
303 933
829 279
575 625
287 784
793 905
498 11
17 63
815 649
953 536
548 35
859 449
649 310
527 928
40 791
184 114
520 244
492 151
21 952
155 325
966 215
111 34
370 385
142 557
746 169
471 572
602 914
877 423
202 435
825 386
546 766
924 969
910 903
992 754
975 469
180 651
772 940
122 388
577 808
727 371
623 64
861 641
841 835
505 802
750 287
444 547
974 487
250 939
427 880
962 176
569 882
245 439
364 193
690 280
687 66
303 809
154 201
737 884
271 335
41 354
945 873
532 504
187 623
60 461
152 262
505 791
489 268
744 185
733 858
642 685
831 898
822 965
150 591
510 801
444 297
460 338
265 717
720 216
802 70
285 590
415 15
260 443
967 520
170 803
385 5
887 965
604 517
933 27
92 14
382 858
959 897
661 946
406 998
115 843
61 110
663 983
214 132
658 354
392 158
812 297
674 513
106 839
439 709
318 627
211 387
519 217
470 91
811 53
425 396
446 768
924 266
368 230
761 540
414 455
138 479
722 852
513 90
661 470
16
198 903
850 775
507 477
898 776
671 679
436 125
53 546
61 298
34 34
113 421
383 779
60 672
256 439
863 528
998 479
421 173
133
145 212
710 11
917 664
912 383
742 248
968 69
792 724
503 740
390 177
986 702
893 298
76 583
68 905
898 868
794 449
952 739
323 156
793 827
582 604
743 90
821 775
221 391
479 157
257 574
330 569
685 495
708 801
519 659
504 921
878 445
551 760
299 326
304 441
307 953
131 901
529 316
710 774
740 761
319 226
496 864
970 727
574 599
872 322
399 728
174 163
730 152
305 233
331 606
1 683
996 566
432 92
312 509
157 345
68 825
162 138
925 198
520 943
859 563
54 243
301 129
692 845
637 870
338 252
131 938
797 624
260 960
638 499
484 786
170 918
337 972
318 10
660 342
929 91
617 974
437 194
992 858
248 584
247 648
351 964
792 888
996 312
383 995
221 860
158 664
277 428
234 770
538 465
432 68
796 328
934 603
905 551
432 505
807 514
366 905
167 430
352 921
471 733
886 651
257 920
897 196
930 80
655 702
97 4
725 872
277 227
758 292
846 232
395 197
461 803
714 744
495 560
412 49
647 454
976 758
269 386
854 183
736 516
687 920
578 343
886 327
968 333
569 98
108 483
693 649
804 523
601 221
511 127
600 529
489 922
951 381
590 767
411 771
622 478
274
125 268
447 988
437 399
279 766
747 760
184 720
849 677
493 467
28 999
941 445
775 628
394 630
755 491
64 16
984 796
520 60
639 99
704 167
991 555
217 41
682 607
458 836
433 566
756 733
321 685
855 367
426 713
164 308
852 248
340 575
933 294
589 162
917 679
848 672
237 815
524 275
356 363
738 484
819 466
926 9
405 877
865 80
626 800
523 340
682 877
897 763
255 142
200 96
839 830
189 938
489 920
990 520
354 482
441 876
338 484
998 560
72 630
252 382
724 552
690 979
115 285
86 670
63 17
618 777
93 412
386 766
180 292
653 426
422 443
839 248
925 598
842 879
459 770
397 447
309 763
607 844
521 935
181 928
806 464
784 121
138 572
336 398
848 309
612 479
799 253
913 27
962 429
577 73
1000 444
700 238
390 113
886 21
220 657
497 25
978 776
205 950
743 710
107 455
598 629
274 151
869 859
353 509
815 947
301 263
73 256
951 312
316 662
884 785
386 298
920 41
433 65
657 999
299 3
90 182
455 932
153 833
270 187
52 414
461 449
94 291
562 195
349 736
64 452
605 877
731 936
943 736
336 463
491 168
125 582
893 597
542 414
83 139
348 20
226 84
161 972
307 839
385 352
566 899
741 836
273 125
759 64
211 536
115 515
325 513
823 694
274 277
986 50
623 428
163 856
177 412
508 53
651 893
901 852
40 58
197 690
9 854
951 400
116 807
776 719
722 166
977 377
358 482
582 667
382 133
437 483
843 616
314 74
692 14
468 507
150 487
206 255
267 383
861 424
827 391
119 663
532 834
104 974
129 15
636 728
153 296
799 610
347 905
899 502
99 470
758 559
792 519
543 178
564 654
333 384
527 732
466 796
798 607
190 135
156 429
624 312
479 39
465 289
544 952
929 914
211 900
278 791
716 678
402 342
887 553
783 385
425 583
663 229
738 369
257 693
155 407
638 857
308 488
714 271
715 209
222 399
719 78
99 202
29 926
423 955
116 349
774 724
550 32
771 830
913 873
169 488
288 986
950 970
169 852
89 829
421 421
272 781
341 309
342 625
799 228
306 438
325 866
48 801
233 371
429 53
971 633
625 858
886 920
25 28
818 615
990 530
461 836
323 24
579 326
1 905
719 547
605 774
721 991
986 391
469 851
413 906
62 135
497 930
478 939
235 981
54 776
330 799
59 310
253 40
390 569
235 486
663 38
71 990
24 18
772 493
512 956
772 555
720 982
783 483
773 855
135
418 58
339 170
897 672
616 624
216 506
406 972
136 710
332 701
717 609
462 375
717 147
942 114
467 867
989 476
183 562
778 162
820 432
639 577
511 545
655 129
551 351
932 860
73 794
237 377
141 667
407 624
782 810
197 520
915 982
685 568
606 465
87 857
816 760
232 690
577 655
445 400
39 794
401 517
857 368
911 237
486 405
212 631
397 256
761 595
721 231
788 502
95 987
328 26
571 405
710 78
509 803
261 494
858 579
692 546
294 820
500 498
675 730
45 597
139 711
3 640
746 371
283 937
1 467
608 641
180 843
252 235
598 212
780 288
752 860
102 278
470 713
877 6
755 585
691 356
46 996
336 745
261 494
465 466
620 811
791 107
848 468
688 200
636 370
670 249
957 651
367 737
551 152
806 762
893 903
780 694
478 167
665 610
286 688
48 396
671 794
490 685
447 365
958 525
639 19
346 477
521 340
793 674
313 111
38 127
117 643
543 247
119 416
58 59
885 734
891 918
500 131
851 430
415 297
992 891
265 6
851 281
986 358
13 845
291 514
371 857
128 153
11 509
477 203
525 618
315 116
255 898
132 866
832 692
714 512
561 494
467 415
422 84
759 152
896 402
961 323
214
557 319
514 310
672 738
229 378
131 661
436 659
785 738
606 987
445 904
92 643
473 134
418 974
903 940
283 890
645 926
337 607
221 960
652 953
136 205
420 991
602 784
188 487
257 577
592 77
289 150
280 903
12 348
627 998
148 214
92 887
89 150
82 739
1000 199
204 204
535 362
629 362
493 368
757 98
514 890
808 594
84 710
811 668
196 424
791 915
953 359
770 103
769 453
488 554
949 927
176 214
786 464
865 536
191 152
193 769
325 987
998 273
742 817
805 588
666 825
620 844
427 564
557 640
119 861
110 229
832 154
951 772
972 599
537 129
898 497
117 732
401 806
100 532
766 131
990 917
968 376
905 315
877 554
472 638
503 964
861 493
286 946
586 651
767 360
180 774
814 486
933 494
621 968
479 581
395 388
937 837
630 355
386 79
132 816
597 791
359 657
848 263
719 880
76 981
35 280
225 434
663 372
157 654
170 689
207 590
283 747
425 571
900 524
379 277
52 985
666 34
849 712
376 642
197 894
683 1000
86 99
530 766
819 909
729 163
79 172
121 996
640 204
392 627
44 231
443 730
45 447
211 593
752 973
497 72
7 521
325 543
372 663
555 325
520 602
673 805
251 69
732 63
139 825
649 843
53 160
244 211
236 676
204 634
698 170
925 428
169 326
233 756
340 432
522 937
246 589
714 630
840 889
449 743
697 856
352 860
900 189
140 167
777 247
593 201
244 966
464 595
886 588
144 327
589 879
875 528
358 690
427 402
868 609
428 413
306 371
88 262
579 410
908 819
635 375
759 633
111 777
567 353
897 353
149 668
675 694
4 227
85 760
231 657
158 835
653 145
986 482
525 673
65 623
396 517
483 539
205 209
905 972
272 535
526 831
535 536
631 134
248 434
999 336
151 102
138 793
936 182
25 512
690 17
248 822
560 664
250 441
194 657
446 528
734 209
331 282
787 635
204 679
88 864
386 6
874 322
271
488 392
400 248
261 364
734 681
722 619
988 158
398 611
352 521
287 696
381 276
325 162
733 477
606 965
433 928
934 33
865 691
380 887
522 986
318 451
924 985
11 986
788 561
133 769
505 205
517 548
178 941
464 172
75 121
771 413
90 667
120 937
750 218
373 413
634 908
445 747
946 492
604 648
393 844
394 912
986 982
770 664
97 538
782 852
657 664
389 734
985 610
931 333
241 4
736 483
578 287
468 469
815 124
684 23
645 163
412 294
562 345
281 545
766 487
168 93
458 868
609 434
548 734
24 979
639 546
888 778
639 650
227 315
333 155
415 170
785 786
790 249
936 676
582 807
511 5
119 304
104 3
677 529
836 249
820 396
372 25
492 376
603 898
951 977
196 621
982 125
445 521
196 957
124 501
337 315
171 493
41 840
485 510
283 354
412 608
984 552
489 776
182 469
874 514
951 430
271 209
944 281
906 57
959 429
255 717
174 51
860 157
164 113
78 345
592 217
982 654
452 96
871 502
152 355
142 264
864 81
897 959
167 343
795 948
138 225
362 252
541 344
255 46
245 128
830 497
934 701
62 829
411 937
4 131
926 172
431 766
388 70
680 186
42 476
813 298
759 1
603 484
360 439
329 341
105 573
837 178
260 575
641 897
146 886
308 372
619 65
241 890
334 827
886 575
938 218
397 148
773 55
869 521
286 605
469 909
46 423
912 451
59 319
909 114
828 292
693 993
562 834
242 2
922 986
731 652
575 941
642 277
529 984
78 475
594 8
623 712
686 287
785 41
376 707
525 366
903 651
846 573
157 657
896 15
410 381
811 720
113 798
843 589
52 830
624 620
709 565
282 695
582 161
890 898
484 222
829 980
936 911
795 85
318 982
178 211
901 441
48 1
788 308
524 419
530 6
275 732
435 392
731 351
573 603
431 770
31 527
353 584
97 24
501 416
96 726
958 496
84 4
666 799
803 209
702 605
661 479
813 919
764 264
672 926
745 61
969 99
868 480
986 274
432 444
630 646
758 627
84 933
855 605
711 765
805 539
705 948
505 714
95 74
549 160
421 165
349 942
804 722
278 931
541 326
321 735
905 629
159 289
132 987
361 777
220 577
871 180
963 194
193 265
928 406
821 678
29 992
872 947
875 270
93 269
493 417
742 679
673 477
506 696
361 501
280 640
254 730
467 653
548 437
23 108
292 143
183 104
28 262
21 246
910 977
271 7
577 861
357 971
281
618 531
186 671
447 171
861 328
639 690
186 34
791 101
930 211
874 503
876 900
966 868
486 903
3 819
722 553
712 828
247 600
502 236
1 416
646 47
685 205
327 221
980 46
94 151
324 327
690 298
461 952
289 469
913 405
440 542
190 431
173 28
197 202
770 99
402 344
252 984
744 224
69 972
77 35
848 596
197 696
2 715
929 583
980 437
82 216
507 126
8 418
203 127
550 15
830 258
22 389
59 674
647 225
135 326
358 442
389 89
567 154
775 532
214 534
384 770
756 520
715 273
456 586
904 160
606 428
586 924
727 660
683 672
632 367
703 735
480 723
144 888
533 752
266 655
921 798
86 266
299 779
996 289
308 375
597 813
899 996
616 838
875 164
5 471
532 580
900 778
800 447
406 566
639 558
648 234
25 937
639 681
744 286
742 178
149 459
835 274
703 648
239 646
214 677
312 765
144 710
801 486
497 583
299 726
424 424
284 303
318 719
973 506
343 673
182 851
663 661
994 935
959 137
9 393
114 949
39 985
133 837
793 202
466 215
331 802
354 199
414 541
183 829
488 957
755 566
747 833
760 378
67 474
395 652
881 778
203 282
528 780
674 274
624 899
478 748
285 16
11 570
266 772
208 108
926 260
401 769
533 671
723 92
472 937
721 616
717 390
601 829
945 587
819 569
212 161
464 9
95 532
635 382
628 609
616 860
640 980
726 184
972 943
435 283
17 41
903 961
387 551
404 909
414 284
943 321
900 371
721 193
806 570
326 943
119 556
992 782
56 853
629 172
229 416
482 269
561 207
253 46
896 644
472 214
35 255
277 548
302 936
174 722
93 768
6 273
323 430
517 423
411 830
953 54
53 813
862 503
215 434
250 9
139 367
516 776
669 892
495 689
939 940
255 136
518 466
305 706
790 346
940 155
101 484
769 115
88 793
107 881
740 451
144 741
637 752
749 330
690 584
777 702
671 676
440 511
575 282
976 801
218 559
838 839
731 300
422 746
101 960
898 645
359 892
51 290
465 643
916 824
985 77
399 338
564 599
575 580
526 459
926 560
981 76
148 284
495 251
510 508
181 31
361 420
626 429
9 332
703 190
79 143
123 464
963 297
875 92
883 148
661 158
461 750
201 786
356 208
565 332
879 333
602 60
396 15
69 707
866 647
692 685
804 248
619 352
609 370
209 961
356 644
558 486
89 879
713 929
909 468
573 530
207 651
979 201
236 880
648 15
167 440
597 222
738 680
381 205
809 581
805 78
758 955
344 522
937 484
339 174
90
325 988
210 569
945 770
578 636
891 889
617 359
832 677
147 854
443 365
153 323
163 299
548 307
624 939
797 8
970 660
837 47
427 281
562 70
360 59
71 528
224 178
970 815
788 153
978 705
153 176
294 644
46 289
295 390
938 927
605 365
890 708
122 461
160 183
673 484
839 696
513 337
383 528
375 252
785 211
173 517
708 958
77 808
539 30
515 163
94 750
254 443
169 260
393 792
84 483
62 888
177 467
466 383
2 882
266 467
77 141
383 982
210 719
484 920
485 851
806 245
597 320
708 962
261 608
1 102
933 591
373 382
14 22
147 974
11 296
289 904
815 693
435 618
419 688
548 328
478 397
487 480
15 566
61 486
390 13
600 164
65 39
596 849
827 211
424 463
243 911
373 78
684 828
793 204
30 202
876 906
19
819 907
211 63
491 386
288 240
411 564
235 815
571 784
367 124
940 866
952 343
232 655
436 472
671 932
681 380
287 528
915 516
974 47
361 732
35 649
