264313613325
313414569242
230006530356
303840718251
297218452700
193643286770
246037506583
195609323265
356162496973
211904017247
310726514594
336709271130
236393901829
291289575243
262207679289
334435389258
322478610691
255162447825
337231982390
308068261304
218172853143
259123305693
312437235995
279410353339
198259963850
330572891059
188979016314
217841334257
182271193106
182470454649
358597985374
346449460784
352783594071
221599723745
252136175917
351314960193
201988573504
336890167419
178405671494
257770707081
199067644756
216984713996
234707902131
348385991985
300813172346
183067128829
261141748413
215357172942
261287131743
343023762671
214550766623
205131892233
241398815037
219162994634
223186496709
317368823067
250639374672
225124151114
185857597493
345784003407
286289640527
253717053701
265333422326
282513491780
273839020493
227959541481
278146611270
277120156570
310986345509
220967361402
315448329329
345629219617
362484633553
291432664703
244447243440
316232369337
270448537112
329301923807
311646042950
307147420282
294885069281
277726413357
211740858116
314368691432
309038378137
233680782858
291253978349
223652326487
336977684279
247796200784
259270827847
207669102217
259082997595
220786517918
286425820801
195461794906
355809638552
254030744610
199166476949
182376008820
